428
416
74
266
44
425
161
335
240
190
407
448
424
123
409
348
186
0
421
392
323
124
410
15
414
451
149
390
349
136
51
203
452
91
187
42
341
50
130
45
438
374
150
110
214
356
85
177
264
233
214
338
155
129
338
39
344
410
43
73
69
228
153
16
86
407
419
414
119
344
300
125
298
222
269
378
187
62
285
350
337
5
126
177
329
83
118
19
130
428
384
200
289
328
253
182
378
348
120
374
360
412
324
242
343
246
137
123
73
348
133
297
3
31
278
178
415
371
64
245
258
400
333
294
359
232
58
29
4
194
314
294
20
285
44
44
384
101
75
91
77
381
251
403
234
342
186
396
425
20
424
123
96
194
185
3
251
138
255
177
394
438
429
250
430
142
273
297
450
386
265
2
176
388
269
87
126
393
333
192
31
304
181
36
28
361
113
131
142
287
305
447
28
355
145
279
229
87
52
22
19
445
247
321
444
220
95
106
137
207
204
150
165
250
55
149
53
227
403
137
108
263
453
169
246
341
454
307
451
55
396
135
86
388
340
43
114
303
386
406
433
255
84
1
180
17
154
220
322
197
428
308
392
233
207
424
225
259
272
178
139
276
406
364
346
38
450
64
417
427
403
371
256
90
233
309
142
282
26
454
416
71
14
394
413
18
121
17
281
177
1
261
295
36
340
377
122
266
358
273
225
14
74
99
140
281
176
170
36
368
177
181
120
219
22
185
174
105
45
226
267
311
193
340
179
199
227
116
330
343
120
419
26
325
356
416
140
361
389
41
8
145
71
297
291
115
287
201
413
34
222
96
370
168
325
453
111
367
427
247
82
415
124
170
78
400
59
282
1
81
443
117
258
206
336
349
210
197
428
216
134
93
226
43
188
83
431
8
288
264
24
437
244
447
356
205
48
403
78
227
345
317
12
198
139
347
76
296
55
181
299
175
177
388
285
115
213
135
99
216
161
315
348
36
266
196
228
223
135
68
449
431
332
453
434
120
103
432
221
100
294
227
110
316
65
35
445
177
225
90
332
246
215
68
402
228
